1029823	Acinetobacter	genus	111	32	1004	148	144	127	129
1096546	Methylobacterium	genus	1182	439	356	845	872	639	815
1110389	Verminephrobacter	genus	138	76	1019	132	116	136	127
1144305	Novosphingobium	genus	224	54	20	260	142	192	246
1144306	Rhizobium	genus	1066	360	94	1164	1430	1281	1080
1144307	Sphingobium	genus	310	84	34	344	190	275	336
1144311	Brevibacillus	genus	59	8	14	23	18	36	41
1144317	Acidovorax	genus	2971	864	532	3063	2800	3002	2690
1144342	Herbaspirillum	genus	586	125	299	691	377	539	606
1224	Proteobacteria	phylum	4215	6340	4206	4872	6681	8410	5078
1236	Gammaproteobacteria	class	1946	584	616	2082	2687	2035	2309
1292021	Kocuria	genus	794	172	104	945	672	762	1074
1454	Bacillus	genus	3745	791	778	4887	4058	3560	2955
173	Leptospira	genus	8451	526	308	1924	1654	2044	2046
1773	Mycobacterium	genus	27	5	70	26	6	26	8
219301	Brachybacterium	genus	56	15	16	1	31	10	35
229204	Flavobacterium	genus	507	72	165	168	131	317	407
231049	Lactobacillus	genus	7	3	68	22	11	9	3
28211	Alphaproteobacteria	class	22	8	26	26	17	26	27
28901	Salmonella	genus	4241	1327	471	5164	7443	5927	11383
317	Pseudomonas	genus	10390	3121	1101	10176	11219	11438	9672
33917	Microbacterium	genus	71	13	402	65	44	70	80
356	Rhizobiales	order	20	23930	5242	16	2	6	19
382	Sinorhizobium	genus	174	4364	21195	156	101	122	152
38293	Photobacterium	genus	1	3	1359	103	106	3	112
487	Neisseria	genus	1	1	7	2	4	2	2
53413	Xanthomonas	genus	1777	531	414	5373	2069	1922	1636
645	Aeromonas	genus	19	10	216	30	35	36	33
662	Vibrio	genus	29	5	624	75	22	101	90
795665	Hydrogenophaga	genus	410	137	62	411	327	405	418
80840	Burkholderiales	order	106	19	1109	115	70	100	101
80864	Comamonadaceae	family	30	9	148	38	15	34	29
85642	Candidatus Phytoplasma	genus	62	16	25	50	43	67	49
85698	Achromobacter	genus	335	54	84	461	555	396	272
